173
175
81
171
147
173
81
163
183
81
147
173
81
163
183
169
147
173
153
0
0
0
0
0
0
0
0
0
0
0
0
0
0
0
0
0
0
0
0
0
0
0
0
0
0
0
0
0
0
0
0
0
0
0
0
0
0
0
0
0
177
169
147
195
81
183
169
175
185
81
87
117
0
0
0
0
0
0
0
0
0
0
0
0
0
0
0
0
0
0
0
0
0
0
0
0
0
0
0
0
0
0
0
0
0
0
0
0
0
0
0
0
0
0
0
0
0
0
0
0
151
175
173
183
187
169
185
81
185
161
155
81
149
175
175
167
81
163
173
81
185
161
155
81
169
163
149
181
147
181
195
0
0
0
0
0
0
0
0
0
0
0
0
0
0
0
0
0
0
0
0
0
0
0
0
0
0
0
0
0
183
185
147
195
81
157
175
181
81
185
161
155
81
155
173
151
175
181
155
81
147
185
81
185
161
155
81
185
161
155
147
185
155
181
0
0
0
0
0
0
0
0
0
0
0
0
0
0
0
0
0
0
0
0
0
0
0
0
0
0
185
161
155
81
167
155
195
81
185
175
81
155
183
151
147
177
155
81
163
183
81
185
161
155
81
167
155
195
81
185
175
81
155
183
151
147
177
155
0
0
0
0
0
0
0
0
0
0
0
0
0
0
0
0
0
0
0
0
0
0
185
161
155
81
185
181
187
185
161
81
183
161
147
169
169
81
183
155
185
81
195
175
187
81
157
181
155
155
0
0
0
0
0
0
0
0
0
0
0
0
0
0
0
0
0
0
0
0
0
0
0
0
0
0
0
0
0
0
0
0
187
173
177
169
187
159
81
185
161
155
81
183
195
183
185
155
171
0
0
0
0
0
0
0
0
0
0
0
0
0
0
0
0
0
0
0
0
0
0
0
0
0
0
0
0
0
0
0
0
0
0
0
0
0
0
0
0
0
0
0
185
161
155
81
163
183
169
147
173
153
81
163
183
81
173
175
81
163
183
169
147
173
153
0
0
0
0
0
0
0
0
0
0
0
0
0
0
0
0
0
0
0
0
0
0
0
0
0
0
0
0
0
0
0
0
0
0
0
0
0
185
175
81
181
155
189
155
147
169
81
185
161
155
81
177
169
187
159
105
81
151
175
173
157
181
175
173
185
81
185
161
155
81
151
147
181
155
107
81
81
185
147
167
155
181
81
191
163
185
161
81
185
161
155
81
185
181
187
185
161
155
173
185
155
181
81
185
161
155
81
177
169
187
159
0
0
0
0
0
0
0
0
0
0
0
0
0
0
0
0
0
0
0
0
0
0
0
0
0
0
0
0
0
0
0
0
0
0
0
0
0
0
0
0
0
0
0
0
0
0
185
161
155
81
155
153
163
185
163
173
159
81
157
187
173
151
185
163
175
173
183
81
191
175
181
167
81
191
163
185
161
81
163
173
177
187
185
183
0
0
0
0
0
0
0
0
0
0
0
0
0
0
0
0
0
0
0
0
0
0
185
161
155
81
163
183
169
147
173
153
81
163
183
81
147
81
151
175
171
177
187
185
155
181
0
0
0
0
0
0
0
0
0
0
0
0
0
0
0
0
0
0
0
0
0
0
0
0
0
0
0
0
0
0
0
0
0
0
0
0
